# FIRST SIX MOMENTS; ORIGINAL-MODEL
3287.30100334 3296.9325
107880.85923 99096.6161438
-6099776.82992 5850794.41978
28278504142.4 26509069968.1
-4.18153793971e+12 3.61941989444e+12
1.06990069015e+16 1.09911908902e+16


# HISTOGRAM ORIGINAL
2426.0 6.24747497886e-05
2586.6 0.000354023582136
2747.2 0.000312373748943
2907.8 0.001082895663
3068.4 0.000895471413637
3229.0 0.000728872080867
3389.6 0.00139526941195
3550.2 0.00077052191406
3710.8 0.000458148165117
3871.4 0.00016659933277


# HISTOGRAM MODEL
2313.0 1.69222633527e-05
2502.1 6.87466948704e-05
2691.2 0.000379693283977
2880.3 0.000855103120042
3069.4 0.00109730301428
3258.5 0.00116552088842
3447.6 0.000896351136965
3636.7 0.000520359598096
3825.8 0.000217874140666
4014.9 7.03331570598e-05


# AUTOCORRELATION FUNCTION ACF(LAG); ORIGINAL-MODEL
0 1.0 1.0
1 0.896603478846 0.899729436404
2 0.740796087515 0.81088387741
3 0.586123058074 0.73008074843
4 0.472969568583 0.656416396006
5 0.392275776816 0.589802993726
6 0.328463903933 0.53312612704
7 0.282697817694 0.479632384181
8 0.239984785486 0.428811062544
9 0.193291481485 0.380450480834
10 0.124568221863 0.336523954431
11 0.0437391900306 0.297032239398
12 -0.023833340297 0.260242368388
13 -0.074131531449 0.227812368753
14 -0.105624004189 0.199452158941
15 -0.108334806441 0.171299603041
16 -0.0835612087446 0.145500088134
17 -0.052476216986 0.121528222919
18 -0.0374812478059 0.102414127293
19 -0.0353866196043 0.0837640569311


# FIRST SIX MOMENTS; ORIGINAL-MODEL
3287.30100334 3286.4761
107880.85923 106305.772629
-6099776.82992 76561.6577362
28278504142.4 24919602201.4
-4.18153793971e+12 489570389700.0
1.06990069015e+16 7.84849652591e+15


# HISTOGRAM ORIGINAL
2426.0 6.24747497886e-05
2586.6 0.000354023582136
2747.2 0.000312373748943
2907.8 0.001082895663
3068.4 0.000895471413637
3229.0 0.000728872080867
3389.6 0.00139526941195
3550.2 0.00077052191406
3710.8 0.000458148165117
3871.4 0.00016659933277


# HISTOGRAM MODEL
2627.0 0.000416117216117
2763.5 0.00043663003663
2900.0 0.00136483516484
3036.5 0.000500366300366
3173.0 0.000961904761905
3309.5 0.00144102564103
3446.0 0.000539926739927
3582.5 0.000868131868132
3719.0 0.000579487179487
3855.5 0.000217582417582


# AUTOCORRELATION FUNCTION ACF(LAG); ORIGINAL-MODEL
0 1.0 1.0
1 0.896603478846 0.90239532127
2 0.740796087515 0.813139756934
3 0.586123058074 0.7343855615
4 0.472969568583 0.663698358677
5 0.392275776816 0.597966016072
6 0.328463903933 0.537904737005
7 0.282697817694 0.484638488908
8 0.239984785486 0.436990680311
9 0.193291481485 0.395797410031
10 0.124568221863 0.361495489798
11 0.0437391900306 0.328465632719
12 -0.023833340297 0.298171334927
13 -0.074131531449 0.271036568123
14 -0.105624004189 0.246745248975
15 -0.108334806441 0.222991650391
16 -0.0835612087446 0.202864875548
17 -0.052476216986 0.184916691092
18 -0.0374812478059 0.166380067288
19 -0.0353866196043 0.153153344992


