# FIRST SIX MOMENTS; ORIGINAL-MODEL
32971.9114391 32957.2124
1849082.6416 1894291.45689
550524009.592 278076498.485
9.962198287e+12 1.08779084872e+13
1.51250148365e+16 6.73228462615e+15
1.07718491366e+20 1.03996102591e+20


# HISTOGRAM ORIGINAL
29924.0 5.89597313458e-05
30800.2 0.000167403522928
31676.4 0.000212676173783
32552.6 0.000260054529329
33428.8 0.000276900166856
34305.0 0.000100020972819
35181.2 5.15897649276e-05
36057.4 8.42281876368e-06
36933.6 3.15855703638e-06
37809.8 2.10570469092e-06


# HISTOGRAM MODEL
29081.0 1.78289325209e-05
29967.2 5.21327014218e-05
30853.4 0.000129993229519
31739.6 0.000263710223426
32625.8 0.000281426314602
33512.0 0.000219250733469
34398.2 0.000110584518167
35284.4 3.97201534642e-05
36170.6 1.1509817197e-05
37056.8 2.25682690138e-06


# AUTOCORRELATION FUNCTION ACF(LAG); ORIGINAL-MODEL
0 1.0 1.0
1 0.828117908917 0.83856173671
2 0.767151121637 0.703494388475
3 0.770997604189 0.592333773196
4 0.71199960451 0.499358927786
5 0.670434204022 0.420517676128
6 0.676684458807 0.354701977011
7 0.649043260037 0.298980960754
8 0.597055214031 0.250374925695
9 0.602740095115 0.206161874676
10 0.581157360254 0.174652274798
11 0.544865242367 0.146206224904
12 0.548786580234 0.12292649475
13 0.53161212295 0.10453808117
14 0.480924806959 0.0884794395961
15 0.471790242292 0.0721711800991
16 0.455052748459 0.0644034368153
17 0.414741324621 0.0578881437241
18 0.412498789411 0.0547272223041
19 0.411624091078 0.0503123294367
20 0.359388537932 0.0447185676619
21 0.347391056339 0.0375453807736
22 0.351414260644 0.026404977934
23 0.308033138933 0.0143061859547
24 0.292249549764 0.00482354513947
25 0.305304027716 -0.00260127580551
26 0.284612344629 -0.00601756428713
27 0.262944583867 -0.00872557125505
28 0.266265878148 -0.00772916209728
29 0.2570535339 -0.00622193479819
30 0.241615731057 -0.00677820447882
31 0.242974108193 -0.00718686192218
32 0.234446017139 -0.00798348046695
33 0.207731516581 -0.00781409132935
34 0.204690218776 -0.00501995333025
35 0.198668391071 0.000177990420828
36 0.184006244484 0.00576379070345
37 0.177272443875 0.0111753412428
38 0.168111813662 0.0158220224114
39 0.148555127373 0.0189612324938
40 0.149418328981 0.027982209606
41 0.156537139618 0.0311968823294
42 0.149286051782 0.0328896177661
43 0.147178770491 0.0334831867084
44 0.149977542096 0.0294834794849
45 0.144119896316 0.0243368064173
46 0.139384024206 0.0187486377725
47 0.144475771741 0.0124986783587
48 0.153942053438 0.00941094436599
49 0.147208130635 0.00554165332663
50 0.141097284103 8.94108944933e-05
51 0.148621968072 0.0012253043876
52 0.142423920511 -0.00374117414762
53 0.137987726417 -0.00622301507182
54 0.141777776201 -0.00477285624939
55 0.138811606266 -0.00324290152257
56 0.137859599136 -0.00638204503184
57 0.136316305937 -0.00791779193128
58 0.139321446481 -0.00958548869466
59 0.127468012898 -0.0164364397373
60 0.128854890817 -0.0214174989598
61 0.120794011548 -0.0227271504595
62 0.116559857171 -0.0230578735618
63 0.126831980777 -0.0261598702047
64 0.111584494327 -0.0261211714291
65 0.103812244721 -0.0316146189314
66 0.10591263042 -0.0286339245542
67 0.111772843464 -0.0235587677863
68 0.0977851904923 -0.0181635825945
69 0.101509646639 -0.0136915873868
70 0.105099506593 -0.0117697196594
71 0.0941550522457 -0.0130472114191
72 0.0892619174334 -0.0131406671679
73 0.104126856925 -0.010472363373
74 0.102766245101 -0.0115512952395
75 0.0929166677586 -0.00963281660742
76 0.111370735742 -0.00997389569947
77 0.109873539752 -0.0118624047326
78 0.114389269582 -0.0101238378863
79 0.116201629062 -0.0113655877592
80 0.117262328291 -0.0142080490163
81 0.111751760745 -0.0146773513263
82 0.118149466269 -0.0143956452343
83 0.124991684337 -0.0186942194193
84 0.109052046703 -0.0227776067002
85 0.124501613107 -0.0247910084011
86 0.13493167988 -0.019332314481
87 0.120796880089 -0.0183885254378
88 0.128926900465 -0.0176264936942
89 0.13782493163 -0.0170614817379
90 0.131735878958 -0.0154161505454
91 0.136291539149 -0.0133946525822
92 0.143680723053 -0.00919650936994
93 0.142980173927 -0.00780096803856
94 0.131030009424 -0.00721043028487
95 0.145663740202 -0.0108531754143
96 0.142275446076 -0.00926667953327
97 0.138426226726 -0.00846514037509
98 0.154056844205 -0.00519632872672
99 0.1528547405 -0.00127374226175


# FIRST SIX MOMENTS; ORIGINAL-MODEL
32971.9114391 32995.6307
1849082.6416 1924303.41832
550524009.592 440703627.315
9.962198287e+12 1.02714706557e+13
1.51250148365e+16 1.34131085907e+16
1.07718491366e+20 1.06749934563e+20


# HISTOGRAM ORIGINAL
29924.0 5.89597313458e-05
30800.2 0.000167403522928
31676.4 0.000212676173783
32552.6 0.000260054529329
33428.8 0.000276900166856
34305.0 0.000100020972819
35181.2 5.15897649276e-05
36057.4 8.42281876368e-06
36933.6 3.15855703638e-06
37809.8 2.10570469092e-06


# HISTOGRAM MODEL
30143.0 0.000139694133759
31019.2 0.000181465418854
31895.4 0.000110591189226
32771.6 0.000252910294453
33647.8 0.000282698014152
34524.0 0.000140493038119
35400.2 2.60214562885e-05
36276.4 2.8532298562e-06
37152.6 3.53800502168e-06
38028.8 1.02716274823e-06


# AUTOCORRELATION FUNCTION ACF(LAG); ORIGINAL-MODEL
0 1.0 1.0
1 0.828117908917 0.836922392353
2 0.767151121637 0.708672792902
3 0.770997604189 0.605940274597
4 0.71199960451 0.519987730914
5 0.670434204022 0.445116464473
6 0.676684458807 0.380387793524
7 0.649043260037 0.325223071125
8 0.597055214031 0.274571781493
9 0.602740095115 0.23701365958
10 0.581157360254 0.20757206646
11 0.544865242367 0.179909038725
12 0.548786580234 0.156064659821
13 0.53161212295 0.13495881473
14 0.480924806959 0.118008594998
15 0.471790242292 0.0990531569299
16 0.455052748459 0.0834232704948
17 0.414741324621 0.0604528283731
18 0.412498789411 0.0447147181783
19 0.411624091078 0.0331953406283
20 0.359388537932 0.0234262477364
21 0.347391056339 0.0180616702108
22 0.351414260644 0.014170676904
23 0.308033138933 0.0106161038015
24 0.292249549764 0.00776162772492
25 0.305304027716 0.00846653042617
26 0.284612344629 0.0119514055699
27 0.262944583867 0.0129178438713
28 0.266265878148 0.0133852256364
29 0.2570535339 0.015638262833
30 0.241615731057 0.0210973985351
31 0.242974108193 0.0188512965741
32 0.234446017139 0.0171965004667
33 0.207731516581 0.0171276113275
34 0.204690218776 0.0118292925131
35 0.198668391071 0.0147694914516
36 0.184006244484 0.0165806287363
37 0.177272443875 0.0245467966344
38 0.168111813662 0.0270061304563
39 0.148555127373 0.0289541252252
40 0.149418328981 0.0301327584236
41 0.156537139618 0.0321574648211
42 0.149286051782 0.0334071495477
43 0.147178770491 0.0312820143721
44 0.149977542096 0.0252402950171
45 0.144119896316 0.0228016257362
46 0.139384024206 0.0218118444462
47 0.144475771741 0.0189875509812
48 0.153942053438 0.018898135375
49 0.147208130635 0.016667566015
50 0.141097284103 0.016172011989
51 0.148621968072 0.0130179494274
52 0.142423920511 0.0164145327605
53 0.137987726417 0.0187840159399
54 0.141777776201 0.0168865064585
55 0.138811606266 0.0130177695768
56 0.137859599136 0.011533302319
57 0.136316305937 0.00963468695153
58 0.139321446481 0.00982563572781
59 0.127468012898 0.00919632151421
60 0.128854890817 0.00430457032148
61 0.120794011548 0.00606915036393
62 0.116559857171 0.00577746260941
63 0.126831980777 0.0107200150174
64 0.111584494327 0.0173648356946
65 0.103812244721 0.0262679862934
66 0.10591263042 0.0343496713308
67 0.111772843464 0.0405556907361
68 0.0977851904923 0.0454147660593
69 0.101509646639 0.0528444466809
70 0.105099506593 0.0546473059308
71 0.0941550522457 0.0545754154059
72 0.0892619174334 0.0551711131826
73 0.104126856925 0.0561746673
74 0.102766245101 0.0555587346225
75 0.0929166677586 0.0517607466725
76 0.111370735742 0.0495401466342
77 0.109873539752 0.0517086097533
78 0.114389269582 0.0514702510094
79 0.116201629062 0.0483353360775
80 0.117262328291 0.0365875574372
81 0.111751760745 0.0287030579348
82 0.118149466269 0.0253419339002
83 0.124991684337 0.0228077250226
84 0.109052046703 0.0212607498534
85 0.124501613107 0.0174327616128
86 0.13493167988 0.0103984227953
87 0.120796880089 0.00972317374448
88 0.128926900465 0.00763099344291
89 0.13782493163 0.00439937204327
90 0.131735878958 0.00304671259192
91 0.136291539149 0.00332084505889
92 0.143680723053 -4.74173637375e-05
93 0.142980173927 0.00271552256178
94 0.131030009424 0.00764936648713
95 0.145663740202 0.00849471231588
96 0.142275446076 0.0106076459776
97 0.138426226726 0.0132796527767
98 0.154056844205 0.0178953120435
99 0.1528547405 0.020663028717


# FIRST SIX MOMENTS; ORIGINAL-MODEL
32971.9114391 32967.4331
1849082.6416 1895419.40652
550524009.592 653390152.001
9.962198287e+12 1.06268485238e+13
1.51250148365e+16 1.21233409023e+16
1.07718491366e+20 1.03473797009e+20


# HISTOGRAM ORIGINAL
29924.0 5.89597313458e-05
30800.2 0.000167403522928
31676.4 0.000212676173783
32552.6 0.000260054529329
33428.8 0.000276900166856
34305.0 0.000100020972819
35181.2 5.15897649276e-05
36057.4 8.42281876368e-06
36933.6 3.15855703638e-06
37809.8 2.10570469092e-06


# HISTOGRAM MODEL
28859.0 2.69511510387e-06
29749.5 3.97529477821e-05
30640.0 0.00012195395845
31530.5 0.000239977540707
32421.0 0.000292195395845
33311.5 0.000210892756878
34202.0 0.000139359910163
35092.5 5.71588994947e-05
35983.0 1.30263896687e-05
36873.5 5.95171252106e-06


# AUTOCORRELATION FUNCTION ACF(LAG); ORIGINAL-MODEL
0 1.0 1.0
1 0.828117908917 0.834471891195
2 0.767151121637 0.782719817394
3 0.770997604189 0.712770543999
4 0.71199960451 0.655417000192
5 0.670434204022 0.592669660022
6 0.676684458807 0.539823209669
7 0.649043260037 0.492618770505
8 0.597055214031 0.444717730535
9 0.602740095115 0.408641765318
10 0.581157360254 0.371236171742
11 0.544865242367 0.339248032195
12 0.548786580234 0.30667353551
13 0.53161212295 0.278746101281
14 0.480924806959 0.253742753361
15 0.471790242292 0.230866241776
16 0.455052748459 0.208946401801
17 0.414741324621 0.191202433759
18 0.412498789411 0.17319279412
19 0.411624091078 0.16015345824
20 0.359388537932 0.145474757421
21 0.347391056339 0.133255945735
22 0.351414260644 0.121713159222
23 0.308033138933 0.108559722005
24 0.292249549764 0.0951720240237
25 0.305304027716 0.0878820909718
26 0.284612344629 0.0862692231978
27 0.262944583867 0.0783364869247
28 0.266265878148 0.0699504048235
29 0.2570535339 0.0691079590372
30 0.241615731057 0.0674955829153
31 0.242974108193 0.0647965268875
32 0.234446017139 0.0656896541061
33 0.207731516581 0.063874961346
34 0.204690218776 0.061874974245
35 0.198668391071 0.0576933749448
36 0.184006244484 0.0549094770139
37 0.177272443875 0.0545749013195
38 0.168111813662 0.0487221450241
39 0.148555127373 0.0434238368874
40 0.149418328981 0.0428696008907
41 0.156537139618 0.0373681833532
42 0.149286051782 0.0346730180792
43 0.147178770491 0.0266514410015
44 0.149977542096 0.0226721868385
45 0.144119896316 0.01887419488
46 0.139384024206 0.0102146626925
47 0.144475771741 0.0061949306082
48 0.153942053438 0.00057927540119
49 0.147208130635 0.00158195039425
50 0.141097284103 -3.44516797037e-05
51 0.148621968072 -0.00289371978737
52 0.142423920511 -0.00215340250695
53 0.137987726417 -0.00544045804636
54 0.141777776201 -0.00917910313693
55 0.138811606266 -0.00830988641655
56 0.137859599136 -0.00778738536117
57 0.136316305937 -0.00811574009242
58 0.139321446481 -0.0069255237939
59 0.127468012898 -0.00991181122362
60 0.128854890817 -0.0128620509571
61 0.120794011548 -0.01259301654
62 0.116559857171 -0.0133789230996
63 0.126831980777 -0.0137777230809
64 0.111584494327 -0.0104051824948
65 0.103812244721 -0.00365354186475
66 0.10591263042 -0.00415234863048
67 0.111772843464 -0.00282799863834
68 0.0977851904923 0.00276529202844
69 0.101509646639 0.00381087611886
70 0.105099506593 0.00696814223037
71 0.0941550522457 0.00933255743257
72 0.0892619174334 0.0115278492741
73 0.104126856925 0.00568409548398
74 0.102766245101 0.0051219009971
75 0.0929166677586 0.00232251370402
76 0.111370735742 0.00435006680657
77 0.109873539752 0.000603389771932
78 0.114389269582 -0.00120297326816
79 0.116201629062 -0.00428334019979
80 0.117262328291 -0.00641392712575
81 0.111751760745 -0.0069714746021
82 0.118149466269 -0.00333694966817
83 0.124991684337 -0.00121325985081
84 0.109052046703 0.00197117960187
85 0.124501613107 0.00592886781151
86 0.13493167988 0.00658025406052
87 0.120796880089 0.00735410096347
88 0.128926900465 0.00823227717703
89 0.13782493163 0.00911334541542
90 0.131735878958 0.00795543621869
91 0.136291539149 0.0107369959724
92 0.143680723053 0.00760824127983
93 0.142980173927 0.00361637555532
94 0.131030009424 0.00252082939001
95 0.145663740202 0.00204766885393
96 0.142275446076 -0.000629591622038
97 0.138426226726 0.00295173281421
98 0.154056844205 0.00513991365864
99 0.1528547405 0.0053643999905


# FIRST SIX MOMENTS; ORIGINAL-MODEL
32971.9114391 32987.7812
1849082.6416 1818728.95373
550524009.592 884942965.7
9.962198287e+12 1.1278721769e+13
1.51250148365e+16 1.43717541784e+16
1.07718491366e+20 1.12241754869e+20


# HISTOGRAM ORIGINAL
29924.0 5.89597313458e-05
30800.2 0.000167403522928
31676.4 0.000212676173783
32552.6 0.000260054529329
33428.8 0.000276900166856
34305.0 0.000100020972819
35181.2 5.15897649276e-05
36057.4 8.42281876368e-06
36933.6 3.15855703638e-06
37809.8 2.10570469092e-06


# HISTOGRAM MODEL
28767.0 4.05816706121e-06
29654.1 3.35926051178e-05
30541.2 8.0712433773e-05
31428.3 0.000212828316988
32315.4 0.000351933265697
33202.5 0.00023176642994
34089.6 0.000125690452035
34976.7 5.19670837561e-05
35863.8 2.31090068763e-05
36750.9 1.16108668696e-05


# AUTOCORRELATION FUNCTION ACF(LAG); ORIGINAL-MODEL
0 1.0 1.0
1 0.828117908917 0.893157277334
2 0.767151121637 0.819984722109
3 0.770997604189 0.748383250191
4 0.71199960451 0.684305218381
5 0.670434204022 0.626552373859
6 0.676684458807 0.573277913159
7 0.649043260037 0.525620953175
8 0.597055214031 0.475358081194
9 0.602740095115 0.433581882759
10 0.581157360254 0.395092368681
11 0.544865242367 0.366235820985
12 0.548786580234 0.335517920742
13 0.53161212295 0.308099678586
14 0.480924806959 0.286745932779
15 0.471790242292 0.267023693892
16 0.455052748459 0.245042588032
17 0.414741324621 0.225734968008
18 0.412498789411 0.206910864837
19 0.411624091078 0.190859151301
20 0.359388537932 0.180254650545
21 0.347391056339 0.169776535252
22 0.351414260644 0.160409201417
23 0.308033138933 0.149355618681
24 0.292249549764 0.139230920206
25 0.305304027716 0.128366762367
26 0.284612344629 0.11906033373
27 0.262944583867 0.110930024599
28 0.266265878148 0.10501147079
29 0.2570535339 0.0973527663143
30 0.241615731057 0.0890347872409
31 0.242974108193 0.0831208551208
32 0.234446017139 0.0763815156759
33 0.207731516581 0.0698336902377
34 0.204690218776 0.061783340526
35 0.198668391071 0.05507164592
36 0.184006244484 0.0448344180636
37 0.177272443875 0.0367175041177
38 0.168111813662 0.0295987727741
39 0.148555127373 0.0227765042954
40 0.149418328981 0.0153241226773
41 0.156537139618 0.0107770035557
42 0.149286051782 0.0055821934752
43 0.147178770491 6.45857624379e-05
44 0.149977542096 -0.00567015348012
45 0.144119896316 -0.00964795830237
46 0.139384024206 -0.0145198989422
47 0.144475771741 -0.0188510408017
48 0.153942053438 -0.0238699494652
49 0.147208130635 -0.0269572599691
50 0.141097284103 -0.0312748026059
51 0.148621968072 -0.0354287035415
52 0.142423920511 -0.0402027746227
53 0.137987726417 -0.0450413900497
54 0.141777776201 -0.0506042195479
55 0.138811606266 -0.0559883566691
56 0.137859599136 -0.0589417363148
57 0.136316305937 -0.0610377927752
58 0.139321446481 -0.0631711331423
59 0.127468012898 -0.0627689204846
60 0.128854890817 -0.0634753236521
61 0.120794011548 -0.0643728974613
62 0.116559857171 -0.0635217283952
63 0.126831980777 -0.0639493085871
64 0.111584494327 -0.0636889622535
65 0.103812244721 -0.0609350695265
66 0.10591263042 -0.056470819248
67 0.111772843464 -0.0519414732884
68 0.0977851904923 -0.0458423399263
69 0.101509646639 -0.0379671128295
70 0.105099506593 -0.0328939116143
71 0.0941550522457 -0.0287066698471
72 0.0892619174334 -0.0206886119566
73 0.104126856925 -0.0147933372285
74 0.102766245101 -0.0125009948596
75 0.0929166677586 -0.00967912647308
76 0.111370735742 -0.00448502406501
77 0.109873539752 -0.00380101975771
78 0.114389269582 -0.000353366095336
79 0.116201629062 -0.000161363302695
80 0.117262328291 0.000297664270634
81 0.111751760745 0.00119275610652
82 0.118149466269 -2.9660382352e-05
83 0.124991684337 0.00111688679979
84 0.109052046703 0.00171265438503
85 0.124501613107 0.00279810395446
86 0.13493167988 0.00193686911402
87 0.120796880089 -0.000479550843039
88 0.128926900465 0.00167073842998
89 0.13782493163 0.00064851802905
90 0.131735878958 -0.0017930753877
91 0.136291539149 -0.00632257128833
92 0.143680723053 -0.0091673766837
93 0.142980173927 -0.00998287969597
94 0.131030009424 -0.00951362194429
95 0.145663740202 -0.00985968892639
96 0.142275446076 -0.0088374241431
97 0.138426226726 -0.00631439766996
98 0.154056844205 0.000793821931015
99 0.1528547405 0.00338564282223


# FIRST SIX MOMENTS; ORIGINAL-MODEL
32971.9114391 32959.0942
1849082.6416 1771603.09713
550524009.592 171673514.884
9.962198287e+12 8.55594808623e+12
1.51250148365e+16 4.12058907778e+15
1.07718491366e+20 6.92578202234e+19


# HISTOGRAM ORIGINAL
29924.0 5.89597313458e-05
30800.2 0.000167403522928
31676.4 0.000212676173783
32552.6 0.000260054529329
33428.8 0.000276900166856
34305.0 0.000100020972819
35181.2 5.15897649276e-05
36057.4 8.42281876368e-06
36933.6 3.15855703638e-06
37809.8 2.10570469092e-06


# HISTOGRAM MODEL
29331.0 1.34836969846e-05
30146.8 7.34248590341e-05
30962.6 0.00016094631037
31778.4 0.000223584211817
32594.2 0.000291125275803
33410.0 0.000229100269674
34225.8 0.00017320421672
35041.6 4.53542534935e-05
35857.4 1.21353272861e-05
36673.2 3.43221377789e-06


# AUTOCORRELATION FUNCTION ACF(LAG); ORIGINAL-MODEL
0 1.0 1.0
1 0.828117908917 0.903531568738
2 0.767151121637 0.834863310281
3 0.770997604189 0.766639067281
4 0.71199960451 0.708069298146
5 0.670434204022 0.65229762598
6 0.676684458807 0.601345777573
7 0.649043260037 0.554380021878
8 0.597055214031 0.509623381931
9 0.602740095115 0.466442920872
10 0.581157360254 0.425506655813
11 0.544865242367 0.38772678923
12 0.548786580234 0.353867292345
13 0.53161212295 0.321963444672
14 0.480924806959 0.292784385982
15 0.471790242292 0.262974634783
16 0.455052748459 0.236226683154
17 0.414741324621 0.213808767024
18 0.412498789411 0.19083480208
19 0.411624091078 0.172104319444
20 0.359388537932 0.152969555327
21 0.347391056339 0.134729464289
22 0.351414260644 0.119442651675
23 0.308033138933 0.105692211572
24 0.292249549764 0.0972791511645
25 0.305304027716 0.0876514469112
26 0.284612344629 0.0807439376653
27 0.262944583867 0.0744106269527
28 0.266265878148 0.0714200196423
29 0.2570535339 0.0664623305935
30 0.241615731057 0.0633330288427
31 0.242974108193 0.0621210740277
32 0.234446017139 0.0581323473115
33 0.207731516581 0.0539844890718
34 0.204690218776 0.0491641006802
35 0.198668391071 0.0478247991698
36 0.184006244484 0.0494078408232
37 0.177272443875 0.0483720509181
38 0.168111813662 0.047774998618
39 0.148555127373 0.0475946578835
40 0.149418328981 0.0480634464611
41 0.156537139618 0.0494997958332
42 0.149286051782 0.0521642426293
43 0.147178770491 0.0553297749396
44 0.149977542096 0.0584316626919
45 0.144119896316 0.0623976463596
46 0.139384024206 0.0654833963551
47 0.144475771741 0.0669654394745
48 0.153942053438 0.0686032522472
49 0.147208130635 0.0676741200267
50 0.141097284103 0.0643827115114
51 0.148621968072 0.0629832871011
52 0.142423920511 0.0625381160467
53 0.137987726417 0.0613796714595
54 0.141777776201 0.0592596484561
55 0.138811606266 0.058509978555
56 0.137859599136 0.0587757071384
57 0.136316305937 0.0581797059684
58 0.139321446481 0.0574971083704
59 0.127468012898 0.0570872334837
60 0.128854890817 0.0603081667112
61 0.120794011548 0.0604996880411
62 0.116559857171 0.0604615591742
63 0.126831980777 0.0574517026057
64 0.111584494327 0.0551852647534
65 0.103812244721 0.052527616307
66 0.10591263042 0.0533050219706
67 0.111772843464 0.0541273185017
68 0.0977851904923 0.0542602036168
69 0.101509646639 0.0575107453948
70 0.105099506593 0.0602422534787
71 0.0941550522457 0.0604449324998
72 0.0892619174334 0.0592435316769
73 0.104126856925 0.061010077912
74 0.102766245101 0.0640231322412
75 0.0929166677586 0.0649363946327
76 0.111370735742 0.0645456142035
77 0.109873539752 0.059414772325
78 0.114389269582 0.053074523464
79 0.116201629062 0.0463292038504
80 0.117262328291 0.0375707418992
81 0.111751760745 0.0314408092206
82 0.118149466269 0.0287451515835
83 0.124991684337 0.0273447889274
84 0.109052046703 0.0262583939996
85 0.124501613107 0.0236944496681
86 0.13493167988 0.0202532112053
87 0.120796880089 0.0150083248457
88 0.128926900465 0.0142543259101
89 0.13782493163 0.0138443952373
90 0.131735878958 0.016982724558
91 0.136291539149 0.01369038937
92 0.143680723053 0.0107276276389
93 0.142980173927 0.00773181104358
94 0.131030009424 0.00719316440183
95 0.145663740202 0.00835946753405
96 0.142275446076 0.0103722330844
97 0.138426226726 0.0136771661658
98 0.154056844205 0.0137908433676
99 0.1528547405 0.0172939374256


# FIRST SIX MOMENTS; ORIGINAL-MODEL
32971.9114391 32957.2192
1849082.6416 1620077.05055
550524009.592 579872471.556
9.962198287e+12 8.39973803074e+12
1.51250148365e+16 7.38595489878e+15
1.07718491366e+20 7.02930849006e+19


# HISTOGRAM ORIGINAL
29924.0 5.89597313458e-05
30800.2 0.000167403522928
31676.4 0.000212676173783
32552.6 0.000260054529329
33428.8 0.000276900166856
34305.0 0.000100020972819
35181.2 5.15897649276e-05
36057.4 8.42281876368e-06
36933.6 3.15855703638e-06
37809.8 2.10570469092e-06


# HISTOGRAM MODEL
29421.0 2.12045169385e-05
30218.0 4.11543287327e-05
31015.0 0.000154454203262
31812.0 0.00031756587202
32609.0 0.000270012547051
33406.0 0.000261229611041
34203.0 9.72396486826e-05
35000.0 6.57465495609e-05
35797.0 2.12045169385e-05
36594.0 4.89335006274e-06


# AUTOCORRELATION FUNCTION ACF(LAG); ORIGINAL-MODEL
0 1.0 1.0
1 0.828117908917 0.914119469917
2 0.767151121637 0.84594392818
3 0.770997604189 0.780921756462
4 0.71199960451 0.718625128816
5 0.670434204022 0.661247980892
6 0.676684458807 0.605762551143
7 0.649043260037 0.556938250749
8 0.597055214031 0.513436751051
9 0.602740095115 0.47381051574
10 0.581157360254 0.439646150158
11 0.544865242367 0.40993271714
12 0.548786580234 0.382632844266
13 0.53161212295 0.357798465371
14 0.480924806959 0.333012971991
15 0.471790242292 0.308091842222
16 0.455052748459 0.284546785585
17 0.414741324621 0.262113733466
18 0.412498789411 0.241994547282
19 0.411624091078 0.221438827601
20 0.359388537932 0.202199355873
21 0.347391056339 0.184196928765
22 0.351414260644 0.166377038777
23 0.308033138933 0.150087401316
24 0.292249549764 0.136114060848
25 0.305304027716 0.125489520178
26 0.284612344629 0.11461790521
27 0.262944583867 0.103952801469
28 0.266265878148 0.0972276523592
29 0.2570535339 0.0911049942232
30 0.241615731057 0.0877110423538
31 0.242974108193 0.0813002490463
32 0.234446017139 0.0764517368656
33 0.207731516581 0.0733887946977
34 0.204690218776 0.0695605856737
35 0.198668391071 0.0645453387865
36 0.184006244484 0.0606398312167
37 0.177272443875 0.0548967952411
38 0.168111813662 0.052113884772
39 0.148555127373 0.0478937093907
40 0.149418328981 0.0435291240259
41 0.156537139618 0.0361587519312
42 0.149286051782 0.0304112098163
43 0.147178770491 0.0257232361332
44 0.149977542096 0.0224689860495
45 0.144119896316 0.0185100527535
46 0.139384024206 0.0159320952438
47 0.144475771741 0.0135524187354
48 0.153942053438 0.0111376718581
49 0.147208130635 0.00875545917408
50 0.141097284103 0.00585137520024
51 0.148621968072 0.00306670437403
52 0.142423920511 -0.000351353610928
53 0.137987726417 -0.00551088439174
54 0.141777776201 -0.0125238339337
55 0.138811606266 -0.0176081056397
56 0.137859599136 -0.0224256508959
57 0.136316305937 -0.0253624194946
58 0.139321446481 -0.0258630135333
59 0.127468012898 -0.0236062529766
60 0.128854890817 -0.0258031675693
61 0.120794011548 -0.0267244843752
62 0.116559857171 -0.029038471054
63 0.126831980777 -0.0313123638373
64 0.111584494327 -0.0323030037267
65 0.103812244721 -0.0320790417946
66 0.10591263042 -0.0323583209498
67 0.111772843464 -0.0371850337971
68 0.0977851904923 -0.0405066704988
69 0.101509646639 -0.0431173073133
70 0.105099506593 -0.0456432779696
71 0.0941550522457 -0.0492123421623
72 0.0892619174334 -0.0500701738871
73 0.104126856925 -0.0523588752728
74 0.102766245101 -0.0532493408775
75 0.0929166677586 -0.0538459747168
76 0.111370735742 -0.0515952129964
77 0.109873539752 -0.0512189716262
78 0.114389269582 -0.0493052334826
79 0.116201629062 -0.048926741517
80 0.117262328291 -0.0464346246478
81 0.111751760745 -0.0470704965357
82 0.118149466269 -0.046478115916
83 0.124991684337 -0.0452336417433
84 0.109052046703 -0.0430182217138
85 0.124501613107 -0.0397410026177
86 0.13493167988 -0.0379684902262
87 0.120796880089 -0.0361271846253
88 0.128926900465 -0.0364467532173
89 0.13782493163 -0.0368446606143
90 0.131735878958 -0.0369329296519
91 0.136291539149 -0.0357061148179
92 0.143680723053 -0.0346117855344
93 0.142980173927 -0.0321855050333
94 0.131030009424 -0.0270643084494
95 0.145663740202 -0.0221807954373
96 0.142275446076 -0.0171223542169
97 0.138426226726 -0.0112207178357
98 0.154056844205 -0.0105173490289
99 0.1528547405 -0.0089168449288


