# FIRST SIX MOMENTS; ORIGINAL-MODEL
6635.92900609 6646.9617
112993.031471 114629.505633
8735447.41883 5053176.46235
40319854639.3 38728481142.2
9.22948360057e+12 5.41812715402e+12
2.38118211722e+16 2.17286857932e+16


# HISTOGRAM ORIGINAL
5655.0 5.82872863771e-05
5863.8 0.000116574572754
6072.6 0.000476012838746
6281.4 0.000981169320681
6490.2 0.00117546027527
6699.0 0.00106860025025
6907.8 0.000524585577394
7116.6 0.000252578240967
7325.4 9.71454772952e-05
7534.2 3.88581909181e-05


# HISTOGRAM MODEL
5477.0 7.61904761905e-06
5739.5 8.0380952381e-05
6002.0 0.000407619047619
6264.5 0.000916952380952
6527.0 0.00113904761905
6789.5 0.000794666666667
7052.0 0.00035580952381
7314.5 9.06666666667e-05
7577.0 1.6e-05
7839.5 7.61904761905e-07


# AUTOCORRELATION FUNCTION ACF(LAG); ORIGINAL-MODEL
0 1.0 1.0
1 0.56368138845 0.567895473199
2 0.438531554721 0.31841856542
3 0.657979183262 0.172723483606
4 0.226396186796 0.083261353638
5 0.144455448089 0.0282049456364
6 0.424119044824 0.013008573892
7 0.065185515595 0.00197853970931
8 0.0284339242088 0.0027074764213
9 0.317805972469 -0.004888552192
10 -0.0513772743458 0.00038172763846
11 -0.0934795989886 0.0037418369697
12 0.205867610509 -0.00707463528226
13 -0.122572550074 -0.00781537092181
14 -0.144279821089 -0.0028893883193
15 0.164811299773 -0.00197728938015
16 -0.160578163907 -0.00773508449679
17 -0.165166379704 -0.00638228849425
18 0.163940199058 0.00894131509718
19 -0.134722627551 0.0203181791287


# FIRST SIX MOMENTS; ORIGINAL-MODEL
6635.92900609 5779.5226
112993.031471 71960.3016892
8735447.41883 73961272.6103
40319854639.3 89426145445.2
9.22948360057e+12 1.15324429229e+14
2.38118211722e+16 1.57818131472e+17


# HISTOGRAM ORIGINAL
5655.0 5.82872863771e-05
5863.8 0.000116574572754
6072.6 0.000476012838746
6281.4 0.000981169320681
6490.2 0.00117546027527
6699.0 0.00106860025025
6907.8 0.000524585577394
7116.6 0.000252578240967
7325.4 9.71454772952e-05
7534.2 3.88581909181e-05


# HISTOGRAM MODEL
5707.0 0.00465826612903
5905.4 9.07258064516e-06
6103.8 3.02419354839e-05
6302.2 8.16532258065e-05
6500.6 9.67741935484e-05
6699.0 8.77016129032e-05
6897.4 3.8810483871e-05
7095.8 2.57056451613e-05
7294.2 8.06451612903e-06
7492.6 4.03225806452e-06


# AUTOCORRELATION FUNCTION ACF(LAG); ORIGINAL-MODEL
0 1.0 1.0
1 0.56368138845 0.949138610738
2 0.438531554721 0.923706185006
3 0.657979183262 0.905355369561
4 0.226396186796 0.894216820015
5 0.144455448089 0.887645803224
6 0.424119044824 0.879189694591
7 0.065185515595 0.877304361352
8 0.0284339242088 0.875550583361
9 0.317805972469 0.871327615991
10 -0.0513772743458 0.871381892922
11 -0.0934795989886 0.874173288552
12 0.205867610509 0.867505091819
13 -0.122572550074 0.865730391181
14 -0.144279821089 0.86246881945
15 0.164811299773 0.861301336147
16 -0.160578163907 0.867305561243
17 -0.165166379704 0.867663998165
18 0.163940199058 0.867898253497
19 -0.134722627551 0.869205144405


