57370
38046
37058
32373
32853
31219
30848
32318
32905
31465
30886
30631
30595
31701
33375
31829
31078
31900
31715
30715
31378
31076
31318
30753
30678
30613
31083
30780
30936
31246
30827
31146
30816
31287
30604
30572
30705
30533
30728
30923
30095
30346
30876
30442
30354
30941
30413
30745
31489
32067
32409
31966
31362
31756
31448
31844
31046
31592
32455
31567
32878
33662
32633
32674
34227
33254
33111
33593
34026
33690
32805
33584
33469
34546
34284
35183
34520
34504
33559
34250
34040
33455
33585
34164
33396
33391
33461
34008
33729
33000
32567
32759
33158
34076
33252
34046
33003
34218
35259
34937
35322
35522
34095
34150
35365
33918
35616
35091
35042
35917
34670
34615
35051
34106
34601
35060
34750
33938
33362
33453
32808
33916
33854
32404
32849
32570
32593
32518
32855
32581
33089
32948
32628
33208
33328
33108
33001
32604
32592
32183
33147
31953
33377
34544
32781
33359
34718
33870
33508
33439
33947
33769
33871
34360
33251
33018
34124
33153
32925
34518
32812
33878
34442
33219
33951
33243
33604
34116
34528
33333
33606
34909
35489
34157
35460
35433
33330
33981
34372
33389
34283
33867
34039
33537
33886
33761
33893
34272
33462
34518
33965
33473
34035
34974
33841
34175
33516
34742
33909
34177
35235
33658
34273
33124
34165
33476
33099
32802
32086
33650
32532
33132
34040
35600
35423
34620
34173
33628
34035
32704
33099
35691
34028
35122
35818
34078
35266
34675
33977
33749
33796
32968
33489
33651
33185
33436
33374
31889
32719
33116
32847
32290
32788
33742
33466
33020
32147
31649
32169
31800
32070
32945
32059
32107
32212
33728
32927
33214
32961
32471
32456
32509
32788
32630
32219
32140
32308
32462
32223
32433
32997
32216
33246
33708
33022
34265
34482
34459
33069
33606
33778
32999
33492
33421
32756
33065
33523
33444
33252
33471
33396
32934
33135
33098
32947
32833
32393
30907
30922
31143
32314
31566
32486
32746
32202
32586
32912
34446
34161
33578
33815
34035
34024
34556
34152
35754
34009
34383
34507
33953
34238
35151
34058
34577
33643
34038
33383
34202
34732
33539
34419
35380
34240
34039
34996
34684
33487
34348
34924
33653
34189
34905
33313
34126
34636
33512
33893
34048
33504
33695
33956
33902
33643
32919
31347
32017
33728
31965
31651
32196
32927
32252
33084
33564
33150
33482
32958
33474
33403
33690
33197
33631
33744
32484
32784
31786
32524
31835
33037
32770
32325
31694
32561
33725
33136
33499
32381
32005
32311
33194
31950
32838
33624
32599
33732
33515
32511
33340
33382
32546
33249
34024
31777
31961
34302
32972
32674
33535
34130
34074
34077
33953
32884
34350
35907
35536
35815
34180
34364
35267
35901
34212
35175
36249
35579
35498
36065
35522
34036
35326
35451
33867
35401
36047
35511
34333
33886
35223
34488
34252
33313
34465
34260
33620
34785
34102
34607
33876
34288
34286
33014
32563
34794
33139
33874
34313
33917
34287
34547
34206
34005
34584
34267
34370
34601
34128
34059
35856
35206
34643
34579
36652
35152
37022
38686
35785
36174
35003
36966
34781
36069
36260
35571
35922
35547
35554
35259
36470
34769
35083
35359
34459
35800
36005
34741
34520
34779
34740
34475
34812
33976
33552
33882
33733
33090
33240
33648
32391
32486
33200
33346
32980
32100
32051
31755
33284
32811
31935
32321
32730
32725
33350
33930
34721
35123
34031
32374
32480
33111
33196
32983
32176
33146
32415
33541
33978
33004
32873
33810
33365
33369
33435
33274
32959
32154
32320
32349
32936
32259
32937
33278
33570
33836
33511
34308
33947
33764
33620
32770
33343
32824
32265
31100
31868
31338
32058
33005
33360
33691
33766
32844
33037
33319
32453
32171
32704
33422
33585
33231
34296
33490
32813
32671
32510
32695
33410
33737
33492
32785
32035
31788
32108
31298
31534
31442
30941
30863
30589
31340
30793
31125
31046
30663
30746
31009
31825
32057
31856
32010
31205
33322
31241
31383
31982
31884
32491
32664
33816
32774
33614
34150
33488
34235
34778
32912
33288
33653
34817
33818
34827
34306
34106
34142
33526
34165
33767
33721
33834
33862
32691
32899
32263
32714
33366
33126
32318
33096
32819
32063
32119
34002
33370
33084
34009
33649
33941
34296
33520
34269
34361
33458
33491
33801
32671
33129
32983
32015
31889
33219
34092
32612
33296
33479
34323
34408
35003
34558
35161
34882
34651
35775
34098
34411
34486
33945
34252
34874
33962
33793
33870
34354
33877
34057
34030
33489
34478
34846
34003
33946
33501
33126
33716
32123
33239
32456
33634
31453
31659
32180
32198
31801
32757
31861
32091
33303
32824
31059
31685
31562
31138
31063
30843
31403
31418
30575
31568
31235
33754
33479
32095
31159
31770
31763
31495
31521
31296
33124
32820
33046
32493
32613
33052
33438
33249
34109
35231
33918
35779
35787
33756
33991
33623
33358
34066
34045
33558
33305
33691
34028
34040
34008
34365
34220
34198
32882
32800
33719
32703
32397
32595
34154
34286
33645
34202
34507
34012
33528
33440
32563
33292
33558
34565
33894
36870
35941
35394
34298
33534
33181
32656
33792
32790
32350
33266
32580
31546
31742
32279
31528
31768
32905
32845
32632
32725
32069
32478
32562
32185
32127
31258
31509
31186
31763
31594
31273
32265
32309
31643
31934
32721
31428
31298
31620
31273
32297
32035
32264
31552
31946
30913
31042
31352
31053
30946
30761
31414
30801
30547
31304
31017
30593
31416
30527
31863
32519
31336
31753
32306
31924
32127
31517
32221
32019
31564
32308
31992
32501
32628
32060
32836
32758
32017
32435
33054
33166
32258
32151
31250
31184
32740
32481
32785
32266
32419
32347
32315
31643
31369
31448
31517
31500
32971
32463
31150
31632
31299
30985
31248
30843
30839
31249
31910
30655
31008
31605
31203
31509
31076
32082
30872
32036
32769
31638
31007
31563
31420
31558
31317
31193
31032
30768
30453
31143
31197
30960
31409
31266
31054
30912
30278
30867
30699
30392
30372
30931
31076
31254
30706
31172
30800
30375
30573
30955
31029
32450
30905
32417
32304
31768
32473
33131
32703
32882
32719
32994
32413
33288
33322
32954
33267
34248
33601
33713
33332
33061
33295
33600
32837
33313
33485
32946
33750
34203
33178
34418
33714
32245
32369
33450
33116
32016
32799
32791
32777
33366
33929
33597
34157
33341
32801
33759
32251
32660
32482
33428
31633
32321
31905
31407
32158
33313
31263
31547
32024
32296
31990
31935
31467
31480
32403
31309
32420
32716
32069
31759
32644
32513
32463
32411
32238
31538
32077
30893
30654
30682
30730
31896
31655
30852
32180
31781
31073
30990
31749
31451
31261
31514
31067
31546
31786
32424
32193
31740
32359
32594
31874
32482
33056
32340
32612
32800
32254
32864
32888
31524
32110
32426
30929
31081
32636
32324
32001
31801
31586
31041
31506
31460
31171
31908
32649
31791
32062
32781
31993
31696
32470
30918
31249
32452
30610
30416
31216
30653
30036
30669
30420
29924
30077
30624
30279
30353
30358
30521
30510
30620
