# FIRST SIX MOMENTS; ORIGINAL-MODEL
10734.590604 10733.0808
20299.1411198 19248.2188714
421946.711737 -22428.3027819
989856559.228 1140971881.48
49976239962.6 8916057173.42
6.86870455766e+13 1.08142010495e+14


# HISTOGRAM ORIGINAL
10407.0 0.00019453360568
10476.0 0.00116720163408
10545.0 0.00184806925396
10614.0 0.0019453360568
10683.0 0.00282073728237
10752.0 0.00252893687384
10821.0 0.0014590020426
10890.0 0.0014590020426
10959.0 0.000778134422722
11028.0 0.000291800408521


# HISTOGRAM MODEL
10293.0 9.4522019334e-05
10386.1 0.000270676691729
10479.2 0.000983888292159
10572.3 0.00200644468314
10665.4 0.0026992481203
10758.5 0.00269709989259
10851.6 0.00133190118153
10944.7 0.000474758324382
11037.8 0.000147153598281
11130.9 3.54457572503e-05


# AUTOCORRELATION FUNCTION ACF(LAG); ORIGINAL-MODEL
0 1.0 1.0
1 0.761202350387 0.767050011483
2 0.608895342153 0.583065538775
3 0.439227404146 0.452687873406
4 0.338429255231 0.34407679858
5 0.263240043098 0.256458132429
6 0.257215138402 0.186255944035
7 0.242200958142 0.134025106773
8 0.257961424147 0.0987062654823
9 0.29028500779 0.0745070556455
10 0.332904293992 0.0558276656273
11 0.340173865444 0.0416461203489
12 0.33746678774 0.0314891760228
13 0.353049818914 0.0158565198553
14 0.341324408344 0.00436605106278
15 0.258205965235 -0.00500093672647
16 0.18841212068 -0.013221181213
17 0.12488490569 -0.0167724638283
18 0.0858130225926 -0.0197404979552
19 0.12312777885 -0.0242399265139
20 0.170550134068 -0.0246120900756
21 0.212908816536 -0.0217311006876
22 0.247919815722 -0.0204309437934
23 0.234032402009 -0.0226320718986
24 0.196542343461 -0.0243377326827
25 0.138908752797 -0.0260623978226
26 0.0537332123966 -0.0216912781637
27 0.00199165284497 -0.0266635009305
28 -0.0861706410289 -0.028658575506
29 -0.0987525242053 -0.0292036630033
30 -0.127893930301 -0.0278846508538
31 -0.151491143058 -0.023568156164
32 -0.125449712836 -0.0223631337324
33 -0.105472565064 -0.0291153306688
34 -0.0753496166878 -0.0326938324633
35 -0.110402354424 -0.026313049127
36 -0.111945486879 -0.0210067601686
37 -0.140015265406 -0.0142620559705
38 -0.164350416057 -0.00450606535745
39 -0.156256882005 -0.00168221807525
40 -0.172861054812 -0.00413232890202
41 -0.195981727799 -0.0084519374356
42 -0.21296169064 -0.0129990128423
43 -0.191594525365 -0.0146678219341
44 -0.179935088845 -0.00653343306446
45 -0.160582813993 -0.00711509741105
46 -0.151177631727 -0.00985696163264
47 -0.130120262349 -0.00666733158129
48 -0.155663240435 -0.010941203694
49 -0.180137544391 -0.00783195111599
50 -0.232131038193 0.00374102483757
51 -0.27273193899 0.00544173669907
52 -0.306991251477 0.0111548977392
53 -0.299167350115 0.0110037187718
54 -0.276386903745 0.0134684882211
55 -0.248794592395 0.0139002228082
56 -0.233359097764 0.0128904945137
57 -0.246293964487 0.00791549023653
58 -0.24964733031 0.0127994571602
59 -0.243865874436 0.017917149161
60 -0.274527504485 0.0210929887623
61 -0.265886204213 0.0208439302014
62 -0.274964147206 0.0170565598384
63 -0.288894351376 0.0122851815459
64 -0.320615418017 0.0121912520148
65 -0.32313488695 0.0141863242614
66 -0.288459552314 0.00994318294644
67 -0.227300819169 0.000629998493843
68 -0.15229527925 -0.00333613537252
69 -0.121229769211 0.00060442434441
70 -0.0862726708225 0.00304127090256
71 -0.0943884986627 0.00140499390553
72 -0.134598192079 0.00577260229512
73 -0.15776903357 0.00817268837768
74 -0.185446377632 0.0134908556508
75 -0.204711622469 0.0214507241067
76 -0.212012860604 0.0244663073009
77 -0.213130664705 0.0284509256108
78 -0.212276035996 0.0239013802488
79 -0.150338316386 0.0227199676846
80 -0.140273665369 0.0232481252401
81 -0.0654978390187 0.0235907123788
82 -0.0800295948214 0.0215542622805
83 -0.0660636541548 0.0144124734858
84 -0.0692574788527 0.00913838477497
85 -0.0606051192753 0.00568657602857
86 -0.115971184074 0.00108386226035
87 -0.119812357555 -0.000259952093885
88 -0.10317228183 -0.00506889153454
89 -0.0563629369627 -0.00387602889823
90 -0.00747446939011 -0.00338654928611
91 0.0329049392093 0.00306543526046
92 0.0633669360532 0.00527462156447
93 0.0734297031715 7.64080274797e-06
94 0.0875212060031 -0.00358330955764
95 0.126513146687 -0.00325174633354
96 0.0990435085332 -0.00349596625457
97 0.081124924906 -0.00537009439983
98 0.0707618857947 -0.00861797043193
99 0.0553483501277 -0.00403517386999


# FIRST SIX MOMENTS; ORIGINAL-MODEL
10734.590604 10722.1778
20299.1411198 20028.9527872
421946.711737 568205.929763
989856559.228 988637279.474
49976239962.6 67395006342.1
6.86870455766e+13 6.81275130383e+13


# HISTOGRAM ORIGINAL
10407.0 0.00019453360568
10476.0 0.00116720163408
10545.0 0.00184806925396
10614.0 0.0019453360568
10683.0 0.00282073728237
10752.0 0.00252893687384
10821.0 0.0014590020426
10890.0 0.0014590020426
10959.0 0.000778134422722
11028.0 0.000291800408521


# HISTOGRAM MODEL
10424.0 0.000243902439024
10489.6 0.00135975609756
10555.2 0.00212195121951
10620.8 0.00226067073171
10686.4 0.00316463414634
10752.0 0.00235670731707
10817.6 0.00140243902439
10883.2 0.00146341463415
10948.8 0.000611280487805
11014.4 0.000259146341463


# AUTOCORRELATION FUNCTION ACF(LAG); ORIGINAL-MODEL
0 1.0 1.0
1 0.761202350387 0.756369085063
2 0.608895342153 0.569473641422
3 0.439227404146 0.428571470133
4 0.338429255231 0.334646084515
5 0.263240043098 0.254980343981
6 0.257215138402 0.198841948972
7 0.242200958142 0.159780743467
8 0.257961424147 0.130945372411
9 0.29028500779 0.104414364127
10 0.332904293992 0.0829744780532
11 0.340173865444 0.0661700090229
12 0.33746678774 0.0544559599234
13 0.353049818914 0.0429492927017
14 0.341324408344 0.0399789760569
15 0.258205965235 0.0298967331235
16 0.18841212068 0.0313444141065
17 0.12488490569 0.0284784097501
18 0.0858130225926 0.0155928690918
19 0.12312777885 0.00333779163923
20 0.170550134068 -0.00728471151019
21 0.212908816536 -0.0179622001984
22 0.247919815722 -0.0290050759149
23 0.234032402009 -0.0407387792442
24 0.196542343461 -0.0461070996704
25 0.138908752797 -0.0512095962546
26 0.0537332123966 -0.05098940928
27 0.00199165284497 -0.0558182956121
28 -0.0861706410289 -0.0493425133684
29 -0.0987525242053 -0.0446089002072
30 -0.127893930301 -0.0400789437915
31 -0.151491143058 -0.041059804474
32 -0.125449712836 -0.038125626242
33 -0.105472565064 -0.03331229968
34 -0.0753496166878 -0.0301693534427
35 -0.110402354424 -0.024406693629
36 -0.111945486879 -0.0157966946205
37 -0.140015265406 -0.0168882570887
38 -0.164350416057 -0.0158292355091
39 -0.156256882005 -0.00923791404555
40 -0.172861054812 -0.00338348306032
41 -0.195981727799 0.0012714307342
42 -0.21296169064 0.0116017856288
43 -0.191594525365 0.0233192536868
44 -0.179935088845 0.0362493524079
45 -0.160582813993 0.0528322827822
46 -0.151177631727 0.0626660684839
47 -0.130120262349 0.0628427568618
48 -0.155663240435 0.0519192557898
49 -0.180137544391 0.0406116544155
50 -0.232131038193 0.0336302378299
51 -0.27273193899 0.0227281231162
52 -0.306991251477 0.0172966932987
53 -0.299167350115 0.0138761301535
54 -0.276386903745 0.0193754999133
55 -0.248794592395 0.0296032606452
56 -0.233359097764 0.0371488454037
57 -0.246293964487 0.0363133054641
58 -0.24964733031 0.034526285832
59 -0.243865874436 0.0312405042996
60 -0.274527504485 0.030221918142
61 -0.265886204213 0.0310382572413
62 -0.274964147206 0.0329852568699
63 -0.288894351376 0.0266564409179
64 -0.320615418017 0.025259143224
65 -0.32313488695 0.0221558777003
66 -0.288459552314 0.0230413367388
67 -0.227300819169 0.0261311097258
68 -0.15229527925 0.0201606749671
69 -0.121229769211 0.00861237859934
70 -0.0862726708225 0.00557419899265
71 -0.0943884986627 0.00379456612318
72 -0.134598192079 -0.00664759541387
73 -0.15776903357 -0.00961684979942
74 -0.185446377632 -0.0102974389139
75 -0.204711622469 -0.0123985400722
76 -0.212012860604 -0.0138010725061
77 -0.213130664705 -0.0137411572629
78 -0.212276035996 -0.00795630555195
79 -0.150338316386 -0.0141603427286
80 -0.140273665369 -0.0188496422471
81 -0.0654978390187 -0.0289406526264
82 -0.0800295948214 -0.0355501456692
83 -0.0660636541548 -0.0348635155031
84 -0.0692574788527 -0.0322005597767
85 -0.0606051192753 -0.0339829876231
86 -0.115971184074 -0.0294244519897
87 -0.119812357555 -0.0325869391
88 -0.10317228183 -0.0331142498802
89 -0.0563629369627 -0.0322752896431
90 -0.00747446939011 -0.027469389786
91 0.0329049392093 -0.0199108474444
92 0.0633669360532 -0.0159724310331
93 0.0734297031715 -0.0134605944487
94 0.0875212060031 -0.0150436851124
95 0.126513146687 -0.0222403567913
96 0.0990435085332 -0.029467834625
97 0.081124924906 -0.0334095819195
98 0.0707618857947 -0.0326381821512
99 0.0553483501277 -0.0281652443082


# FIRST SIX MOMENTS; ORIGINAL-MODEL
10734.590604 10730.502
20299.1411198 20253.295796
421946.711737 103065.122625
989856559.228 1166954900.19
49976239962.6 11453965853.4
6.86870455766e+13 1.07749158243e+14


# HISTOGRAM ORIGINAL
10407.0 0.00019453360568
10476.0 0.00116720163408
10545.0 0.00184806925396
10614.0 0.0019453360568
10683.0 0.00282073728237
10752.0 0.00252893687384
10821.0 0.0014590020426
10890.0 0.0014590020426
10959.0 0.000778134422722
11028.0 0.000291800408521


# HISTOGRAM MODEL
10280.0 5.94758064516e-05
10379.2 0.000306451612903
10478.4 0.00111995967742
10577.6 0.00213709677419
10676.8 0.00254435483871
10776.0 0.00242741935484
10875.2 0.00105544354839
10974.4 0.000357862903226
11073.6 7.15725806452e-05
11172.8 1.00806451613e-06


# AUTOCORRELATION FUNCTION ACF(LAG); ORIGINAL-MODEL
0 1.0 1.0
1 0.761202350387 0.739461985815
2 0.608895342153 0.580660174011
3 0.439227404146 0.463431368817
4 0.338429255231 0.365877010884
5 0.263240043098 0.284970943956
6 0.257215138402 0.239778913156
7 0.242200958142 0.193419260048
8 0.257961424147 0.161777303428
9 0.29028500779 0.129840957407
10 0.332904293992 0.0964839833417
11 0.340173865444 0.0743060688371
12 0.33746678774 0.0522704719103
13 0.353049818914 0.0345394641564
14 0.341324408344 0.0262361187111
15 0.258205965235 0.0114113364127
16 0.18841212068 0.00482826126565
17 0.12488490569 0.0116213646294
18 0.0858130225926 0.00428963424363
19 0.12312777885 0.0029414557607
20 0.170550134068 -0.00318505613396
21 0.212908816536 0.00448991415064
22 0.247919815722 0.0132473254967
23 0.234032402009 0.0273018591621
24 0.196542343461 0.0322245358762
25 0.138908752797 0.0344524965131
26 0.0537332123966 0.0254857458158
27 0.00199165284497 0.0182563106525
28 -0.0861706410289 0.0196902951009
29 -0.0987525242053 0.0131169214564
30 -0.127893930301 0.00838903510319
31 -0.151491143058 -0.00484073665836
32 -0.125449712836 -0.0127826085601
33 -0.105472565064 -0.0149983408169
34 -0.0753496166878 -0.0153608619035
35 -0.110402354424 -0.0183696189678
36 -0.111945486879 -0.0216092415883
37 -0.140015265406 -0.0265573713253
38 -0.164350416057 -0.0245827611086
39 -0.156256882005 -0.0240595180816
40 -0.172861054812 -0.0223285308807
41 -0.195981727799 -0.0200409626613
42 -0.21296169064 -0.0199549768634
43 -0.191594525365 -0.0178121603936
44 -0.179935088845 -0.0153448140267
45 -0.160582813993 -0.00813432358256
46 -0.151177631727 -0.00814343835589
47 -0.130120262349 -0.00353095095925
48 -0.155663240435 0.00123047515979
49 -0.180137544391 0.00774851078862
50 -0.232131038193 0.00859766548289
51 -0.27273193899 0.0111183782258
52 -0.306991251477 0.00274516696636
53 -0.299167350115 -0.00177510594736
54 -0.276386903745 -0.00893550225328
55 -0.248794592395 -0.0096747167175
56 -0.233359097764 -0.011486856429
57 -0.246293964487 -0.0200316992508
58 -0.24964733031 -0.0177707193263
59 -0.243865874436 -0.0189770664338
60 -0.274527504485 -0.0255638810512
61 -0.265886204213 -0.0332868909937
62 -0.274964147206 -0.0369516430789
63 -0.288894351376 -0.0348861771705
64 -0.320615418017 -0.0307440729794
65 -0.32313488695 -0.0273173289028
66 -0.288459552314 -0.0135328434437
67 -0.227300819169 -0.0107790129777
68 -0.15229527925 -0.00323539417422
69 -0.121229769211 -0.00408680409654
70 -0.0862726708225 0.003837523115
71 -0.0943884986627 -0.00111525037979
72 -0.134598192079 0.0012807208186
73 -0.15776903357 -0.00592127672637
74 -0.185446377632 -0.00289949133322
75 -0.204711622469 -0.00559954011299
76 -0.212012860604 -0.0139186532636
77 -0.213130664705 -0.0191002744011
78 -0.212276035996 -0.01923417881
79 -0.150338316386 -0.0236381077852
80 -0.140273665369 -0.0244879633531
81 -0.0654978390187 -0.0236542262681
82 -0.0800295948214 -0.0195782613174
83 -0.0660636541548 -0.0216701962117
84 -0.0692574788527 -0.0165490839817
85 -0.0606051192753 -0.0144019667304
86 -0.115971184074 -0.0126028570365
87 -0.119812357555 -0.00958299294049
88 -0.10317228183 -0.005732449879
89 -0.0563629369627 -0.00426134671142
90 -0.00747446939011 -0.00194188779111
91 0.0329049392093 -0.00277730305245
92 0.0633669360532 -0.00777223392293
93 0.0734297031715 -0.00453733880959
94 0.0875212060031 -0.00845981212951
95 0.126513146687 -0.00780942476874
96 0.0990435085332 -0.00571716855393
97 0.081124924906 -0.00847183194118
98 0.0707618857947 -0.0121182071358
99 0.0553483501277 -0.0231364494233


# FIRST SIX MOMENTS; ORIGINAL-MODEL
10734.590604 10738.6572
20299.1411198 22084.1082882
421946.711737 -95583.0483534
989856559.228 1411776960.64
49976239962.6 -24005194368.8
6.86870455766e+13 1.45794778325e+14


# HISTOGRAM ORIGINAL
10407.0 0.00019453360568
10476.0 0.00116720163408
10545.0 0.00184806925396
10614.0 0.0019453360568
10683.0 0.00282073728237
10752.0 0.00252893687384
10821.0 0.0014590020426
10890.0 0.0014590020426
10959.0 0.000778134422722
11028.0 0.000291800408521


# HISTOGRAM MODEL
10247.0 4.3e-05
10347.0 0.000241
10447.0 0.000637
10547.0 0.001885
10647.0 0.002418
10747.0 0.002359
10847.0 0.0016
10947.0 0.00063
11047.0 0.000155
11147.0 3.2e-05


# AUTOCORRELATION FUNCTION ACF(LAG); ORIGINAL-MODEL
0 1.0 1.0
1 0.761202350387 0.745540264969
2 0.608895342153 0.576971219988
3 0.439227404146 0.438071451092
4 0.338429255231 0.337791978241
5 0.263240043098 0.268370599868
6 0.257215138402 0.217228125706
7 0.242200958142 0.171651383674
8 0.257961424147 0.147040698451
9 0.29028500779 0.118186857979
10 0.332904293992 0.0997114765041
11 0.340173865444 0.0776948020445
12 0.33746678774 0.0653016843428
13 0.353049818914 0.0561593974677
14 0.341324408344 0.0442174380139
15 0.258205965235 0.0371019627725
16 0.18841212068 0.0266176289226
17 0.12488490569 0.0174249478588
18 0.0858130225926 0.016362277129
19 0.12312777885 0.0206959438219
20 0.170550134068 0.0204692942671
21 0.212908816536 0.0217568981222
22 0.247919815722 0.0128758436376
23 0.234032402009 0.00918404101249
24 0.196542343461 0.0047371252634
25 0.138908752797 -0.00171680382857
26 0.0537332123966 -0.007228207352
27 0.00199165284497 -0.00641430227898
28 -0.0861706410289 -0.00676913355081
29 -0.0987525242053 -0.00653286846731
30 -0.127893930301 -0.00671508184077
31 -0.151491143058 -0.0084860653082
32 -0.125449712836 -0.0100114151313
33 -0.105472565064 -0.0127653633495
34 -0.0753496166878 -0.0157308183988
35 -0.110402354424 -0.0105405893511
36 -0.111945486879 -0.00332070171753
37 -0.140015265406 0.00124743434902
38 -0.164350416057 0.00660011220707
39 -0.156256882005 0.0166162308569
40 -0.172861054812 0.0230229173104
41 -0.195981727799 0.0248185470842
42 -0.21296169064 0.0228894925932
43 -0.191594525365 0.0261682236511
44 -0.179935088845 0.0275364632619
45 -0.160582813993 0.0192459197524
46 -0.151177631727 0.00285362550768
47 -0.130120262349 -0.00943877487584
48 -0.155663240435 -0.0198328871577
49 -0.180137544391 -0.0235098298774
50 -0.232131038193 -0.0178121355369
51 -0.27273193899 -0.0157007485521
52 -0.306991251477 -0.0106639270171
53 -0.299167350115 -0.00221279058113
54 -0.276386903745 0.00422564063617
55 -0.248794592395 0.000349233888199
56 -0.233359097764 -0.00390695726812
57 -0.246293964487 -0.00197250307276
58 -0.24964733031 0.00246626050374
59 -0.243865874436 0.00241886956644
60 -0.274527504485 0.00615340758503
61 -0.265886204213 0.00372420751359
62 -0.274964147206 0.000759088135588
63 -0.288894351376 -0.00226457918572
64 -0.320615418017 -0.00324268508293
65 -0.32313488695 -0.00733943663344
66 -0.288459552314 -0.00314553246125
67 -0.227300819169 0.00153577196544
68 -0.15229527925 0.00267521546936
69 -0.121229769211 0.00295104248711
70 -0.0862726708225 -0.00184009985337
71 -0.0943884986627 -0.00714981418465
72 -0.134598192079 -0.0138667777938
73 -0.15776903357 -0.0158318357053
74 -0.185446377632 -0.0217332852912
75 -0.204711622469 -0.025183433729
76 -0.212012860604 -0.0302418472385
77 -0.213130664705 -0.0327713127031
78 -0.212276035996 -0.0377846347077
79 -0.150338316386 -0.0457674766558
80 -0.140273665369 -0.0487325695442
81 -0.0654978390187 -0.0493226302676
82 -0.0800295948214 -0.0491653041377
83 -0.0660636541548 -0.0395412883289
84 -0.0692574788527 -0.0298200198381
85 -0.0606051192753 -0.0264459869292
86 -0.115971184074 -0.0220297430466
87 -0.119812357555 -0.021080829563
88 -0.10317228183 -0.0214963084309
89 -0.0563629369627 -0.0172079840642
90 -0.00747446939011 -0.00897264047165
91 0.0329049392093 -0.00782329274351
92 0.0633669360532 -0.0126018909524
93 0.0734297031715 -0.0105935907254
94 0.0875212060031 -0.00871352646077
95 0.126513146687 -0.000590799291157
96 0.0990435085332 -0.00278012325572
97 0.081124924906 -0.00852618788895
98 0.0707618857947 -0.011323838253
99 0.0553483501277 -0.00855486584933


# FIRST SIX MOMENTS; ORIGINAL-MODEL
10734.590604 10732.8387
20299.1411198 19393.7478823
421946.711737 298697.622497
989856559.228 1154086132.33
49976239962.6 36076474013.9
6.86870455766e+13 1.17176047058e+14


# HISTOGRAM ORIGINAL
10407.0 0.00019453360568
10476.0 0.00116720163408
10545.0 0.00184806925396
10614.0 0.0019453360568
10683.0 0.00282073728237
10752.0 0.00252893687384
10821.0 0.0014590020426
10890.0 0.0014590020426
10959.0 0.000778134422722
11028.0 0.000291800408521


# HISTOGRAM MODEL
10237.0 1.75983436853e-05
10333.6 0.000110766045549
10430.2 0.000589026915114
10526.8 0.00144824016563
10623.4 0.00276086956522
10720.0 0.00261387163561
10816.6 0.00180124223602
10913.2 0.000744306418219
11009.8 0.000215320910973
11106.4 5.07246376812e-05


# AUTOCORRELATION FUNCTION ACF(LAG); ORIGINAL-MODEL
0 1.0 1.0
1 0.761202350387 0.738472707752
2 0.608895342153 0.561551614882
3 0.439227404146 0.42166328661
4 0.338429255231 0.321305576485
5 0.263240043098 0.245154405431
6 0.257215138402 0.184936306839
7 0.242200958142 0.137749645056
8 0.257961424147 0.101787054108
9 0.29028500779 0.0776471115089
10 0.332904293992 0.0607469557144
11 0.340173865444 0.0596804422732
12 0.33746678774 0.0526858520978
13 0.353049818914 0.0477245826477
14 0.341324408344 0.0449748531485
15 0.258205965235 0.0371722478155
16 0.18841212068 0.0370995408452
17 0.12488490569 0.035123139217
18 0.0858130225926 0.0292104432499
19 0.12312777885 0.0191079227839
20 0.170550134068 0.0158881342423
21 0.212908816536 0.01291751131
22 0.247919815722 0.0132598478129
23 0.234032402009 0.0119432012149
24 0.196542343461 0.0126985728902
25 0.138908752797 0.0122308831137
26 0.0537332123966 0.0105868967216
27 0.00199165284497 0.0107527203884
28 -0.0861706410289 0.000378247615416
29 -0.0987525242053 -0.00430252424584
30 -0.127893930301 -0.0102919348557
31 -0.151491143058 -0.00980655262196
32 -0.125449712836 -0.0162699458811
33 -0.105472565064 -0.0262206434205
34 -0.0753496166878 -0.0266729704181
35 -0.110402354424 -0.027371913969
36 -0.111945486879 -0.0270874014023
37 -0.140015265406 -0.0286568780809
38 -0.164350416057 -0.0303690760126
39 -0.156256882005 -0.0309411539358
40 -0.172861054812 -0.0266810380516
41 -0.195981727799 -0.0187931046899
42 -0.21296169064 -0.0178157283188
43 -0.191594525365 -0.0215094191673
44 -0.179935088845 -0.0208533448724
45 -0.160582813993 -0.0201487549421
46 -0.151177631727 -0.0166110880458
47 -0.130120262349 -0.0171647087377
48 -0.155663240435 -0.0144173326142
49 -0.180137544391 -0.0123864584311
50 -0.232131038193 -0.0138738111968
51 -0.27273193899 -0.00474812509831
52 -0.306991251477 -0.0013811711787
53 -0.299167350115 -0.00420373775448
54 -0.276386903745 -0.00941611058542
55 -0.248794592395 -0.0110388935948
56 -0.233359097764 -0.00795949626477
57 -0.246293964487 0.00112317081522
58 -0.24964733031 0.00708454332299
59 -0.243865874436 0.0114286523606
60 -0.274527504485 0.0065515628405
61 -0.265886204213 0.00652679482997
62 -0.274964147206 0.00766475205114
63 -0.288894351376 0.0155967544873
64 -0.320615418017 0.0166376959067
65 -0.32313488695 0.021150823332
66 -0.288459552314 0.0157861488409
67 -0.227300819169 0.00677734433175
68 -0.15229527925 0.00989309358325
69 -0.121229769211 0.00954978259704
70 -0.0862726708225 0.00810989656361
71 -0.0943884986627 0.00505084954125
72 -0.134598192079 0.000908406976802
73 -0.15776903357 0.00405706007721
74 -0.185446377632 0.00314123835417
75 -0.204711622469 -1.59244084511e-05
76 -0.212012860604 0.0021211138582
77 -0.213130664705 0.0022561950057
78 -0.212276035996 -0.00228251861459
79 -0.150338316386 -0.00251390595081
80 -0.140273665369 0.00171760412431
81 -0.0654978390187 0.00594590698025
82 -0.0800295948214 0.00596975175544
83 -0.0660636541548 0.00943297815014
84 -0.0692574788527 0.00923847718444
85 -0.0606051192753 0.0116469961887
86 -0.115971184074 0.0161051564547
87 -0.119812357555 0.0287497849044
88 -0.10317228183 0.0289289424473
89 -0.0563629369627 0.0302877482015
90 -0.00747446939011 0.0258361448278
91 0.0329049392093 0.0276884755962
92 0.0633669360532 0.0269332546781
93 0.0734297031715 0.0364621327289
94 0.0875212060031 0.0276963262167
95 0.126513146687 0.0245494387841
96 0.0990435085332 0.0246596010143
97 0.081124924906 0.0298566603517
98 0.0707618857947 0.0328134797641
99 0.0553483501277 0.0326803858517


