# FIRST SIX MOMENTS; ORIGINAL-MODEL
10734.590604 10734.9133
20299.1411198 20917.8321831
421946.711737 32747.6393025
989856559.228 1213572580.74
49976239962.6 19547406372.3
6.86870455766e+13 1.10789952962e+14


# HISTOGRAM ORIGINAL
10407.0 0.00019453360568
10476.0 0.00116720163408
10545.0 0.00184806925396
10614.0 0.0019453360568
10683.0 0.00282073728237
10752.0 0.00252893687384
10821.0 0.0014590020426
10890.0 0.0014590020426
10959.0 0.000778134422722
11028.0 0.000291800408521


# HISTOGRAM MODEL
10314.0 0.00010088691796
10404.2 0.000374722838137
10494.4 0.00131818181818
10584.6 0.00209645232816
10674.8 0.00238248337029
10765.0 0.00258869179601
10855.2 0.00146341463415
10945.4 0.000573170731707
11035.6 0.000139689578714
11125.8 4.87804878049e-05


# AUTOCORRELATION FUNCTION ACF(LAG); ORIGINAL-MODEL
0 1.0 1.0
1 0.761202350387 0.753912695676
2 0.608895342153 0.573479302712
3 0.439227404146 0.432553319604
4 0.338429255231 0.328084527366
5 0.263240043098 0.254496893342
6 0.257215138402 0.19745039294
7 0.242200958142 0.14997927436
8 0.257961424147 0.116201931383
9 0.29028500779 0.0936388670168
10 0.332904293992 0.0754004209574
11 0.340173865444 0.0593531675416
12 0.33746678774 0.0465428193365
13 0.353049818914 0.0433233311327
14 0.341324408344 0.032046941627
15 0.258205965235 0.0216117023732
16 0.18841212068 0.0203998137186
17 0.12488490569 0.0239709971876
18 0.0858130225926 0.0243633952347
19 0.12312777885 0.0179656967385


# FIRST SIX MOMENTS; ORIGINAL-MODEL
10734.590604 10726.1938
20299.1411198 20816.5970416
421946.711737 547469.598801
989856559.228 1028384418.27
49976239962.6 62902471898.5
6.86870455766e+13 6.99611313496e+13


# HISTOGRAM ORIGINAL
10407.0 0.00019453360568
10476.0 0.00116720163408
10545.0 0.00184806925396
10614.0 0.0019453360568
10683.0 0.00282073728237
10752.0 0.00252893687384
10821.0 0.0014590020426
10890.0 0.0014590020426
10959.0 0.000778134422722
11028.0 0.000291800408521


# HISTOGRAM MODEL
10424.0 0.000233231707317
10489.6 0.00133231707317
10555.2 0.0022012195122
10620.8 0.00214329268293
10686.4 0.00303963414634
10752.0 0.00230030487805
10817.6 0.00145731707317
10883.2 0.00160213414634
10948.8 0.000653963414634
11014.4 0.000280487804878


# AUTOCORRELATION FUNCTION ACF(LAG); ORIGINAL-MODEL
0 1.0 1.0
1 0.761202350387 0.764640070233
2 0.608895342153 0.579595872648
3 0.439227404146 0.430739429221
4 0.338429255231 0.322627404455
5 0.263240043098 0.241893329413
6 0.257215138402 0.181179181649
7 0.242200958142 0.133961330985
8 0.257961424147 0.0944872099847
9 0.29028500779 0.0637206493064
10 0.332904293992 0.0434502504235
11 0.340173865444 0.0248441282825
12 0.33746678774 0.0108538200052
13 0.353049818914 8.21530258097e-05
14 0.341324408344 -0.00985732203357
15 0.258205965235 -0.0180955852662
16 0.18841212068 -0.0247639925394
17 0.12488490569 -0.0256003038194
18 0.0858130225926 -0.019082207126
19 0.12312777885 -0.0168558195012


