# FIRST SIX MOMENTS; ORIGINAL-MODEL
9343.1409396 9382.342
463397.637854 491833.265836
118736555.123 57878524.5796
578071766446.0 756759713136.0
4.17068161922e+14 3.15414640067e+14
1.17997023471e+18 1.9443834955e+18


# HISTOGRAM ORIGINAL
7950.0 0.000143318687528
8277.8 0.000266163276838
8605.6 0.000552800651895
8933.4 0.000696119339424
9261.2 0.000204740982183
9589.0 0.000450430160804
9916.8 0.000511852455459
10244.6 8.18963928734e-05
10572.4 8.18963928734e-05
10900.2 6.1422294655e-05


# HISTOGRAM MODEL
7455.0 3.82255781029e-05
7878.8 8.61255309108e-05
8302.6 0.000272770174611
8726.4 0.000511562057574
9150.2 0.000514865502596
9574.0 0.000478999528079
9997.8 0.000310051911279
10421.6 9.03728173667e-05
10845.4 3.72817366682e-05
11269.2 1.93487494101e-05


# AUTOCORRELATION FUNCTION ACF(LAG); ORIGINAL-MODEL
0 1.0 1.0
1 0.90612562498 0.90924584535
2 0.802505101559 0.82829668974
3 0.732631667354 0.755283293811
4 0.667509789926 0.686545952508
5 0.59811741953 0.621366538294
6 0.543739755512 0.56280249178
7 0.497987792658 0.509928793589
8 0.452082261205 0.46217874273
9 0.418835779749 0.418539751127
10 0.395883184224 0.3747766203
11 0.392281689116 0.337168456227
12 0.382171328558 0.303786678299
13 0.372030182002 0.272961676187
14 0.378876720455 0.244226454437
15 0.362816652688 0.216476851867
16 0.325240340834 0.189998124699
17 0.296200190897 0.168711470085
18 0.279689615634 0.151695345436
19 0.24417019504 0.134064684884


# FIRST SIX MOMENTS; ORIGINAL-MODEL
9343.1409396 9376.4487
463397.637854 500081.760168
118736555.123 148952562.165
578071766446.0 649281779964.0
4.17068161922e+14 5.35852073902e+14
1.17997023471e+18 1.38501066875e+18


# HISTOGRAM ORIGINAL
7950.0 0.000143318687528
8277.8 0.000266163276838
8605.6 0.000552800651895
8933.4 0.000696119339424
9261.2 0.000204740982183
9589.0 0.000450430160804
9916.8 0.000511852455459
10244.6 8.18963928734e-05
10572.4 8.18963928734e-05
10900.2 6.1422294655e-05


# HISTOGRAM MODEL
8032.0 0.000128431970714
8359.8 0.000256863941428
8687.6 0.000969493593655
9015.4 0.00034716290421
9343.2 0.000122025625381
9671.0 0.000411226357535
9998.8 0.000545149481391
10326.6 0.000115009151922
10654.4 0.000102196461257
10982.2 5.30811470409e-05


# AUTOCORRELATION FUNCTION ACF(LAG); ORIGINAL-MODEL
0 1.0 1.0
1 0.90612562498 0.931747972204
2 0.802505101559 0.865848039123
3 0.732631667354 0.809595679834
4 0.667509789926 0.760498545672
5 0.59811741953 0.713687816885
6 0.543739755512 0.670205973791
7 0.497987792658 0.629588641527
8 0.452082261205 0.592346260872
9 0.418835779749 0.556833519903
10 0.395883184224 0.523342705108
11 0.392281689116 0.492341524608
12 0.382171328558 0.464880823966
13 0.372030182002 0.440405076707
14 0.378876720455 0.417493072944
15 0.362816652688 0.39400050748
16 0.325240340834 0.373954121213
17 0.296200190897 0.355419560966
18 0.279689615634 0.338931456082
19 0.24417019504 0.321330204586


